mapdata_basic:
	.db 0, 0, 0, 0, 0, 0, 0, 0
	.db 0, 0, 0, 0, 0, 0, 0, 0
	.db 0, 0, 0, 0, 0, 0, 0, 0
	.db 0, 0, 0, 0, 0, 0, 0, 0
	.db 32, 32, 32, 32, 32, 32, 32, 32
	.db 32, 32, 32, 32, 32, 32, 32, 32
	.db 32, 32, 32, 32, 32, 32, 32, 32
	.db 32, 32, 32, 32, 32, 32, 32, 32
	.db 32, 44, 36, 36, 36, 36, 36, 36
	.db 38, 36, 36, 36, 36, 36, 36, 36
	.db 36, 36, 36, 36, 36, 36, 36, 36
	.db 36, 36, 36, 36, 36, 36, 38, 32
	.db 32, 40, 32, 32, 32, 32, 32, 32
	.db 34, 32, 32, 32, 32, 32, 32, 32
	.db 32, 32, 32, 32, 32, 32, 32, 32
	.db 48, 32, 32, 32, 32, 32, 34, 32
	.db 32, 40, 32, 32, 32, 32, 32, 32
	.db 34, 32, 32, 32, 32, 32, 32, 32
	.db 32, 32, 32, 32, 32, 32, 32, 32
	.db 32, 32, 32, 32, 32, 32, 34, 32
	.db 32, 40, 32, 32, 32, 32, 32, 32
	.db 34, 32, 32, 32, 32, 32, 32, 32
	.db 32, 32, 32, 32, 32, 32, 32, 32
	.db 48, 32, 32, 32, 32, 32, 34, 32
	.db 32, 40, 32, 32, 32, 32, 32, 32
	.db 34, 32, 32, 32, 32, 32, 32, 32
	.db 32, 32, 32, 32, 32, 32, 32, 32
	.db 48, 48, 32, 32, 32, 32, 34, 32
	.db 32, 40, 32, 32, 32, 32, 32, 32
	.db 34, 32, 32, 32, 32, 32, 32, 32
	.db 32, 32, 32, 32, 32, 32, 32, 32
	.db 48, 48, 48, 32, 32, 32, 34, 32
	.db 32, 40, 32, 32, 32, 32, 32, 32
	.db 34, 32, 32, 32, 32, 32, 32, 32
	.db 32, 32, 32, 36, 32, 33, 32, 36
	.db 32, 33, 48, 34, 32, 32, 34, 32
	.db 32, 40, 32, 32, 32, 32, 32, 32
	.db 34, 32, 32, 32, 32, 32, 40, 32
	.db 34, 32, 32, 32, 32, 32, 32, 32
	.db 32, 32, 32, 48, 32, 32, 34, 32
	.db 32, 40, 32, 32, 32, 32, 32, 32
	.db 34, 32, 32, 32, 32, 32, 40, 32
	.db 34, 32, 32, 32, 32, 32, 32, 32
	.db 32, 32, 32, 40, 48, 32, 34, 32
	.db 32, 40, 32, 32, 32, 32, 32, 32
	.db 34, 32, 32, 32, 32, 32, 40, 32
	.db 34, 32, 32, 32, 32, 32, 32, 32
	.db 32, 32, 32, 32, 32, 32, 34, 32
	.db 32, 41, 33, 33, 32, 32, 33, 33
	.db 35, 32, 32, 32, 32, 32, 49, 49
	.db 49, 32, 32, 32, 32, 32, 32, 32
	.db 32, 32, 32, 34, 32, 32, 34, 32
	.db 32, 32, 32, 34, 32, 32, 40, 32
	.db 32, 32, 32, 32, 32, 32, 32, 32
	.db 32, 32, 32, 32, 32, 32, 32, 32
	.db 32, 32, 32, 32, 32, 32, 34, 32
	.db 32, 44, 36, 36, 32, 32, 36, 36
	.db 38, 32, 32, 32, 32, 32, 32, 32
	.db 32, 32, 32, 32, 32, 32, 32, 32
	.db 32, 32, 32, 40, 32, 32, 34, 32
	.db 32, 40, 32, 32, 32, 32, 32, 32
	.db 34, 32, 32, 32, 32, 32, 32, 32
	.db 32, 32, 32, 32, 32, 32, 32, 32
	.db 32, 32, 32, 32, 32, 32, 34, 32
	.db 32, 40, 32, 32, 32, 32, 32, 32
	.db 34, 33, 33, 33, 33, 33, 33, 33
	.db 33, 33, 33, 33, 33, 33, 33, 33
	.db 33, 33, 33, 33, 32, 32, 34, 32
	.db 32, 40, 32, 32, 32, 32, 32, 32
	.db 32, 32, 32, 32, 32, 32, 32, 32
	.db 32, 32, 48, 32, 48, 32, 32, 32
	.db 32, 32, 32, 32, 32, 32, 34, 32
	.db 32, 40, 32, 32, 32, 32, 32, 32
	.db 32, 47, 32, 32, 32, 32, 32, 32
	.db 32, 32, 32, 48, 32, 48, 32, 48
	.db 32, 32, 48, 32, 32, 32, 34, 32
	.db 32, 40, 32, 32, 32, 32, 32, 32
	.db 32, 32, 32, 32, 32, 32, 32, 32
	.db 32, 48, 48, 48, 48, 32, 32, 32
	.db 32, 32, 32, 32, 32, 32, 34, 32
	.db 32, 40, 32, 32, 32, 32, 32, 32
	.db 32, 32, 32, 47, 32, 32, 32, 32
	.db 32, 32, 32, 48, 32, 48, 32, 32
	.db 32, 32, 32, 32, 32, 32, 34, 32
	.db 32, 40, 32, 32, 32, 32, 32, 32
	.db 32, 32, 32, 32, 32, 32, 32, 32
	.db 32, 32, 32, 32, 32, 32, 48, 32
	.db 32, 32, 32, 32, 32, 32, 34, 32
	.db 32, 40, 32, 32, 32, 32, 32, 32
	.db 32, 47, 32, 32, 32, 32, 32, 32
	.db 32, 32, 32, 32, 32, 32, 32, 32
	.db 32, 32, 32, 32, 32, 32, 34, 32
	.db 32, 40, 32, 32, 32, 32, 32, 32
	.db 32, 32, 32, 32, 32, 32, 32, 32
	.db 32, 32, 32, 32, 32, 32, 32, 32
	.db 32, 32, 32, 32, 32, 32, 34, 32
	.db 32, 40, 32, 32, 32, 32, 32, 32
	.db 32, 32, 32, 47, 32, 32, 32, 32
	.db 32, 32, 32, 32, 32, 32, 32, 32
	.db 32, 32, 32, 32, 32, 32, 34, 32
	.db 32, 40, 32, 32, 32, 32, 32, 32
	.db 32, 32, 32, 32, 32, 32, 32, 46
	.db 32, 46, 32, 46, 32, 32, 32, 32
	.db 32, 32, 32, 32, 32, 32, 34, 32
	.db 32, 41, 33, 33, 33, 33, 33, 33
	.db 33, 33, 33, 33, 33, 33, 33, 33
	.db 33, 33, 33, 33, 33, 33, 33, 33
	.db 33, 33, 33, 33, 33, 33, 35, 32
	.db 32, 32, 32, 32, 32, 32, 32, 32
	.db 32, 32, 32, 32, 32, 32, 32, 32
	.db 32, 32, 32, 32, 32, 32, 32, 32
	.db 32, 32, 32, 32, 32, 32, 32, 32
	.db 32, 80, 85, 84, 84, 80, 85, 84
	.db 84, 32, 68, 69, 77, 79, 32, 32
	.db 32, 32, 32, 32, 32, 32, 32, 32
	.db 32, 74, 67, 82, 69, 69, 68, 32
	.db 0, 0, 0, 0, 0, 0, 0, 0
	.db 0, 0, 0, 0, 0, 0, 0, 0
	.db 0, 0, 0, 0, 0, 0, 0, 0
	.db 0, 0, 0, 0, 0, 0, 0, 0
	.db 0, 0, 0, 0, 0, 0, 0, 0
	.db 0, 0, 0, 0, 0, 0, 0, 0
	.db 0, 0, 0, 0, 0, 0, 0, 0
	.db 0, 0, 0, 0, 0, 0, 0, 0
	.db 0, 0, 0, 0, 0, 0, 0, 0
	.db 0, 0, 0, 0, 0, 0, 0, 0
	.db 0, 0, 0, 0, 0, 0, 0, 0
	.db 0, 0, 0, 0
